empty_slots_mean,free_bikes_mean,total_bikes_mean,distance_max,distance_mean,distance_min,cafes_count,rating_max,rating_mean,rating_min,review_count_max,review_count_mean,review_count_min
7.0,11.0,18.0,1199.915982103538,810.1933843762524,350.54096945509605,18,5.0,3.6166666666666663,0.0,370.0,57.611111111111114,0.0
13.0,1.0,14.0,951.596216051372,578.0353079885024,71.27422393776475,12,4.6,3.9916666666666667,3.2,519.0,120.58333333333333,1.0
14.0,0.0,14.0,1138.9926588951894,663.1388105054573,145.76021299368847,20,4.8,3.4450000000000003,0.0,103.0,19.05,0.0
14.0,11.0,25.0,876.7028827097859,539.8304577918988,88.69707462009498,12,5.0,3.608333333333333,0.0,189.0,31.0,0.0
9.0,5.0,14.0,1281.0878492070374,844.5458920512998,217.29224927093148,16,5.0,3.64375,0.0,285.0,39.75,0.0
0.0,11.0,11.0,1063.179940771883,940.3502846987292,602.2687429576716,8,4.8,3.7125,0.0,128.0,51.375,0.0
12.0,14.0,26.0,1107.9289739754724,576.2223480689303,122.51429408324452,20,5.0,3.62,0.0,294.0,45.85,0.0
17.0,4.0,21.0,1278.9545158146925,618.329572937764,89.4862046846413,8,4.8,3.95,0.0,59.0,13.875,0.0
12.0,9.0,21.0,1231.3256499355407,717.7309370028217,282.87553261227134,7,4.4,2.814285714285714,0.0,327.0,94.85714285714286,0.0
11.0,5.0,16.0,1060.5671781347492,712.121249397979,310.2607723326607,10,4.8,3.8299999999999996,1.0,162.0,48.1,2.0
10.0,4.0,14.0,1285.3207373853115,677.0455120247037,52.97686955151676,20,5.0,3.78,0.0,294.0,37.0,0.0
16.0,0.0,16.0,1328.2631537965024,613.2698187316511,75.11128098939943,15,4.6,3.7399999999999998,0.0,519.0,104.06666666666666,0.0
4.0,13.0,17.0,1111.9840231961875,625.5809529597668,166.2541077408041,5,4.6,3.2199999999999998,0.0,90.0,34.8,0.0
23.0,5.0,28.0,1018.2610818806264,560.1486863245364,52.1012300710537,20,4.6,3.9200000000000004,2.5,999.0,172.3,11.0
0.0,26.0,26.0,1292.8038377958533,582.0241564164896,15.44764629527936,20,5.0,3.94,2.5,999.0,130.0,1.0
1.0,19.0,20.0,1081.20202895657,767.9714344867202,464.9903880109029,8,4.6,3.9375,3.0,192.0,53.5,2.0
11.0,1.0,12.0,1243.4238036995398,668.0144625632009,239.39930644564316,13,4.6,3.9846153846153842,3.2,519.0,113.15384615384616,1.0
1.0,19.0,20.0,1256.0147902205854,848.4440116504053,294.0204457883215,19,5.0,3.6105263157894734,0.0,519.0,71.73684210526316,0.0
10.0,2.0,12.0,981.8885567274508,690.6338654908527,34.639280059163234,20,5.0,3.6450000000000005,0.0,294.0,28.6,0.0
15.0,2.0,17.0,978.8985821683395,584.7186090429276,89.28408953158932,20,4.7,3.975,2.5,999.0,177.25,10.0
13.0,7.0,20.0,1340.917726325185,650.32391255284,96.08115727633748,20,4.7,3.9799999999999995,2.9,999.0,181.4,10.0
2.0,22.0,24.0,1087.491156251768,549.4330864650376,110.30111148160915,20,4.6,4.0,3.5,292.0,107.8,18.0
8.0,5.0,13.0,1209.8030925268297,793.6726999868155,119.33718295967982,20,4.6,3.6950000000000003,0.0,519.0,111.2,0.0
11.0,6.0,17.0,1309.390450315636,765.3638363376765,439.59688419344343,20,4.5,4.015,3.5,292.0,129.6,34.0
4.0,10.0,14.0,1286.9637557879064,745.4954235335658,248.47534110950176,20,4.8,3.5,0.0,103.0,20.3,0.0
12.0,14.0,26.0,1327.8380859404244,926.5956293122488,136.67130212865527,20,5.0,4.07,3.6,294.0,86.85,1.0
11.0,9.0,20.0,1089.6383729399322,851.2269344952919,548.8477852846177,8,4.6,3.95,3.0,485.0,101.875,2.0
14.0,4.0,18.0,1312.7657991075368,732.3779812588916,315.039970690049,11,4.8,3.5545454545454547,0.0,162.0,40.27272727272727,0.0
7.0,7.0,14.0,1339.1046609458406,811.6678734264995,178.5305026723614,20,4.6,3.71,0.0,519.0,126.3,0.0
6.0,5.0,11.0,893.7167937433896,633.8852259771511,474.07461232718856,8,4.6,4.075,3.8,485.0,101.75,1.0
16.0,0.0,16.0,1371.5247007569965,715.1938126712218,196.58177852343337,20,4.6,4.0,2.9,999.0,177.25,24.0
14.0,4.0,18.0,1229.2599537748522,729.1406323029411,68.19879149578595,12,5.0,3.9,0.0,128.0,32.916666666666664,0.0
0.0,17.0,17.0,1236.6890023462252,602.478344018037,9.80631935798848,19,5.0,3.5631578947368423,0.0,370.0,55.26315789473684,0.0
9.0,4.0,13.0,780.6445451820452,509.0058328138184,327.76372501970394,14,4.6,3.6999999999999997,0.0,519.0,105.07142857142857,0.0
11.0,9.0,20.0,1036.4688803491165,701.6251145234698,302.0024537209741,16,5.0,3.71875,0.0,285.0,45.25,0.0
0.0,14.0,14.0,1108.7185238705847,702.0744414876577,316.98176196978767,12,5.0,3.608333333333333,0.0,189.0,31.0,0.0
4.0,11.0,15.0,1202.1273187755485,471.1622915652083,136.95821399264253,20,4.8,3.975,3.5,999.0,160.4,5.0
13.0,10.0,23.0,945.980478161262,782.9759804274184,504.4247173179241,6,4.4,3.483333333333334,2.4,40.0,15.833333333333334,1.0
10.0,7.0,17.0,1125.092884669033,705.8627918764511,64.82124488937694,13,5.0,3.6384615384615384,0.0,128.0,30.0,0.0
13.0,1.0,14.0,1036.308860817781,764.3085142884354,300.7050585317396,7,4.0,2.442857142857143,0.0,73.0,13.285714285714286,0.0
8.0,5.0,13.0,1225.71544752745,830.8144371494149,311.9971645943379,17,5.0,3.5647058823529414,0.0,519.0,69.23529411764706,0.0
9.0,3.0,12.0,1279.2311470381403,771.1139187068616,392.9040382186385,16,5.0,3.5,0.0,124.0,18.6875,0.0
8.0,8.0,16.0,1127.2624699555745,851.5543341408176,318.94620246779215,16,5.0,3.975,0.0,128.0,28.0,0.0
6.0,10.0,16.0,945.16211723854,754.2168642658378,204.67952734552577,4,4.7,4.15,3.4,263.0,76.0,9.0
7.0,8.0,15.0,981.1668977564544,631.7606856747655,94.15275362932076,5,5.0,3.84,2.2,28.0,10.6,1.0
4.0,11.0,15.0,1269.9860813930363,731.210743050194,48.01362787080839,20,5.0,4.05,2.9,292.0,100.7,3.0
5.0,8.0,13.0,905.5714935918568,554.3439739746815,234.95084873578065,20,4.6,3.815,2.7,999.0,174.8,12.0
4.0,16.0,20.0,1148.901887363165,456.03625701559866,104.4773366413239,20,4.6,4.04,3.5,292.0,119.4,18.0
15.0,6.0,21.0,293.77922538599535,187.4761608527397,81.17309631948403,2,5.0,4.2,3.4,11.0,6.0,1.0
17.0,1.0,18.0,974.3771692694808,681.7763669454827,422.6102456817792,14,5.0,3.7142857142857144,0.0,128.0,29.142857142857142,0.0
15.0,4.0,19.0,1034.3018122739718,770.069499139281,346.0996179664857,18,5.0,3.8666666666666663,0.0,519.0,75.27777777777777,0.0
8.0,9.0,17.0,1098.6289356525526,811.7411857949354,620.077005535432,15,5.0,3.92,0.0,128.0,38.53333333333333,0.0
16.0,2.0,18.0,526.4158814369573,526.4158814369573,526.4158814369573,1,3.4,3.4,3.4,263.0,263.0,263.0
4.0,6.0,10.0,1227.2755327754016,804.606781978218,313.65271316362185,20,5.0,4.14,2.9,279.0,69.05,4.0
13.0,4.0,17.0,1190.2335329394275,702.942529175039,241.81959204449984,20,5.0,3.96,0.0,124.0,19.5,0.0
10.0,12.0,22.0,1042.4163496258252,532.8116405285003,208.81483881496428,20,4.5,3.8850000000000002,3.0,999.0,152.05,9.0
10.0,5.0,15.0,1137.469418620568,791.0317615299427,233.0587317214915,18,5.0,3.5833333333333335,0.0,294.0,30.555555555555557,0.0
12.0,2.0,14.0,1104.0354149817797,729.0901810683159,219.18950508246857,20,5.0,3.835,0.0,294.0,37.65,0.0
16.0,3.0,19.0,1173.5406147460465,706.3677119904291,262.5641259067079,20,4.6,3.9899999999999998,2.9,999.0,157.95,9.0
9.0,3.0,12.0,1153.2275033910464,624.9421374428422,158.1337889296249,20,4.7,3.9949999999999997,2.9,999.0,121.9,3.0
9.0,8.0,17.0,1346.7822784635712,916.2157462875766,256.20008586163647,19,5.0,3.9210526315789473,2.0,287.0,76.94736842105263,1.0
8.0,6.0,14.0,959.0149126861388,656.710211170172,262.0832618834971,11,4.5,3.472727272727273,0.0,25.0,8.545454545454545,0.0
13.0,1.0,14.0,1131.439526403184,509.48581836069644,67.36141031864139,20,5.0,3.925,0.0,294.0,45.85,0.0
19.0,2.0,21.0,1261.2635126242872,750.6895461924307,60.3645801921501,20,4.6,3.9299999999999997,2.9,999.0,157.6,11.0
14.0,5.0,19.0,1218.7069660147054,671.1665591520032,43.18575728137485,15,4.6,3.966666666666667,3.2,519.0,111.8,1.0
26.0,2.0,28.0,1212.1741760193252,630.3226975090136,133.016390700308,20,5.0,3.88,0.0,294.0,40.8,0.0
9.0,7.0,16.0,1062.1624561972071,726.8295167143344,405.9210021883496,19,4.8,3.4157894736842107,0.0,285.0,41.26315789473684,0.0
5.0,19.0,24.0,1187.4842648457272,761.8880269413646,151.4912228215421,20,4.8,4.0649999999999995,2.9,292.0,111.6,14.0
4.0,16.0,20.0,1002.7737934867856,599.8978670906358,133.39046911407618,20,4.7,4.01,2.9,999.0,148.85,3.0
14.0,2.0,16.0,1073.6400020673968,601.6089004979004,281.57503435447836,13,5.0,3.9538461538461536,0.0,128.0,31.076923076923077,0.0
4.0,12.0,16.0,1125.4424363867597,780.0142929978264,287.7266826808274,17,5.0,3.6411764705882352,0.0,519.0,67.58823529411765,0.0
2.0,10.0,12.0,1150.4605328257617,888.0549286789382,750.2786762256595,6,4.8,3.8833333333333333,3.0,108.0,22.333333333333332,1.0
11.0,7.0,18.0,1254.2310481878865,669.8502558978234,166.24733611873458,20,5.0,3.7950000000000004,0.0,128.0,37.85,0.0
34.0,6.0,40.0,741.6041446748596,661.1520982679632,510.5389651968384,3,4.8,3.133333333333333,0.0,10.0,5.0,0.0
12.0,15.0,27.0,742.1164788978641,390.4567672231352,105.1283832401978,7,4.4,3.5714285714285716,2.4,66.0,23.0,1.0
18.0,0.0,18.0,856.1882130028741,579.3592919469675,127.30427256343486,4,4.0,3.525,3.0,51.0,16.5,1.0
7.0,8.0,15.0,1171.6147220951354,648.39342638746,317.34960191060355,18,5.0,3.7222222222222223,0.0,128.0,33.888888888888886,0.0
3.0,16.0,19.0,817.3596353060589,594.6701917171782,466.37125204334126,6,4.4,3.5,2.4,66.0,23.833333333333332,1.0
13.0,3.0,16.0,889.0913621339573,585.4180505478023,52.13385490555443,17,4.8,3.4529411764705884,0.0,103.0,21.705882352941178,0.0
28.0,2.0,30.0,1298.2269644903083,638.745883797475,144.40771456828304,20,4.6,3.9850000000000003,2.9,999.0,167.55,6.0
9.0,15.0,24.0,1109.8886333236967,726.4830783379796,74.40533435715813,20,4.7,3.9299999999999997,2.2,999.0,148.3,3.0
10.0,8.0,18.0,1104.936479621761,439.56990941195806,26.30583665443296,20,4.5,3.8950000000000005,3.0,999.0,151.55,11.0
6.0,7.0,13.0,1257.565177413034,778.3531954751985,287.16803411646174,20,5.0,3.71,0.0,124.0,19.35,0.0
14.0,0.0,14.0,987.963060287985,713.7606755048687,387.4565554463311,20,5.0,3.675,0.0,519.0,67.85,0.0
16.0,0.0,16.0,1251.4771804500724,630.6725470593724,228.5259953838596,20,5.0,3.95,0.0,294.0,38.5,0.0
19.0,1.0,20.0,800.9915986075837,467.32832244108783,23.902746036231232,4,4.3,2.875,0.0,90.0,41.75,0.0
22.0,13.0,35.0,937.4721149296194,603.453525178842,101.84539220263083,9,5.0,3.7666666666666666,0.0,128.0,41.55555555555556,0.0
4.0,10.0,14.0,1158.7120962455103,787.647196825911,426.5077687003292,20,5.0,4.015,2.9,279.0,73.95,3.0
8.0,6.0,14.0,1331.2081960200237,681.1988765588138,251.3987091232091,20,4.7,3.9450000000000003,2.9,999.0,166.05,6.0
10.0,6.0,16.0,1245.072760304077,709.7344924588093,163.53446008720584,20,5.0,4.0649999999999995,3.2,519.0,69.75,1.0
12.0,10.0,22.0,927.8649393529424,666.2727905729804,426.6218592597798,5,4.7,4.2,3.4,263.0,70.0,1.0
11.0,6.0,17.0,1335.328472077363,777.79663255427,323.65854994004707,20,4.8,4.029999999999999,3.3,519.0,81.0,6.0
9.0,7.0,16.0,1317.0960488923463,709.062948825467,236.67866166290196,20,4.6,4.025,2.9,999.0,157.1,9.0
8.0,4.0,12.0,1189.616448697457,711.2391315750554,116.52907181724431,20,5.0,3.95,0.0,294.0,38.5,0.0
8.0,11.0,19.0,1053.77454950091,469.8575307536133,126.91597856465631,20,4.7,3.8950000000000005,2.5,999.0,173.35,10.0
13.0,0.0,13.0,1094.034129180069,532.7844851310904,155.26181530311692,14,4.6,3.185714285714286,0.0,49.0,12.785714285714286,0.0
12.0,1.0,13.0,1210.8255983422748,796.5650121816618,427.8843741835823,19,5.0,3.5789473684210527,0.0,519.0,77.0,0.0
16.0,1.0,17.0,954.2460741857708,549.2688591726863,114.48853167868052,20,4.6,3.8299999999999996,2.7,999.0,167.0,12.0
25.0,3.0,28.0,1060.0477594669578,563.2260530006813,78.55279852009986,20,4.5,3.875,2.5,999.0,193.1,11.0
15.0,10.0,25.0,1069.3758434619656,549.5871546554539,107.21237134676323,20,4.5,3.9850000000000003,2.9,999.0,181.0,19.0
21.0,0.0,21.0,951.0014229808758,539.0150246209319,45.93916800300117,20,4.7,3.94,2.5,999.0,176.0,18.0
13.0,1.0,14.0,1076.7691737108205,608.0579950175228,46.5231157866936,12,4.6,3.5666666666666664,0.0,38.0,11.0,0.0
8.0,3.0,11.0,1183.1189784495125,760.7794424794121,173.8160574270468,15,4.6,3.9,3.0,519.0,119.53333333333333,2.0
14.0,5.0,19.0,1149.2777901263216,585.3940157827772,116.94562454093952,20,4.7,3.97,2.9,999.0,180.05,10.0
11.0,2.0,13.0,1248.4728784426811,722.6826049120735,165.397138436522,18,5.0,3.888888888888889,0.0,128.0,34.166666666666664,0.0
13.0,7.0,20.0,1042.591752747044,782.6447779650441,218.53797213768783,20,5.0,4.1,2.9,999.0,123.65,3.0
3.0,13.0,16.0,1046.7464781436884,739.037493484313,405.39822765502817,20,4.7,4.07,3.5,292.0,103.55,18.0
4.0,13.0,17.0,1257.6864172374324,560.7428155430302,29.467950431753614,20,5.0,4.11,2.9,999.0,127.35,1.0
21.0,3.0,24.0,983.3118465723984,680.0288368507672,191.05762617629833,7,4.0,2.442857142857143,0.0,73.0,13.285714285714286,0.0
18.0,17.0,35.0,1157.605549407528,640.2124394957697,102.3298169925688,20,5.0,4.075,3.2,519.0,73.65,1.0
5.0,10.0,15.0,1184.2004556321638,929.1700934786159,318.825722898447,20,5.0,3.925,2.0,294.0,66.9,1.0
15.0,2.0,17.0,1040.3581082962526,778.5989828222633,479.3916723085939,9,4.8,4.144444444444444,3.5,162.0,53.22222222222222,2.0
10.0,5.0,15.0,1317.70577000891,940.7123315535235,523.9515652941354,9,4.6,3.8666666666666663,3.0,519.0,74.88888888888889,2.0
9.0,9.0,18.0,1306.5239971662804,730.8565150643747,134.54855049911814,20,5.0,3.6450000000000005,0.0,519.0,69.75,0.0
19.0,1.0,20.0,588.5449713161167,403.5650452453101,50.178041891535905,6,4.3,3.6833333333333336,3.1,199.0,58.5,2.0
19.0,1.0,20.0,1174.207169456378,921.4346044129784,517.331854291219,8,4.8,4.3625,3.8,128.0,36.625,1.0
14.0,1.0,15.0,973.3581718349756,547.1854580244121,157.26055636042938,13,5.0,3.6692307692307695,0.0,128.0,30.846153846153847,0.0
16.0,2.0,18.0,1388.319750538369,784.7969330207902,213.9133396220416,8,5.0,3.85,2.2,28.0,10.125,1.0
9.0,5.0,14.0,1185.5031159341445,659.3221506077199,19.52508858309022,16,4.6,3.7375,0.0,519.0,110.6875,0.0
1.0,18.0,19.0,1179.598083688951,612.3263428957175,147.88594041294175,20,5.0,4.07,3.5,292.0,94.7,1.0
3.0,21.0,24.0,471.1630131677061,471.1630131677061,471.1630131677061,1,3.4,3.4,3.4,263.0,263.0,263.0
12.0,4.0,16.0,1087.2713062203095,781.1719236621539,62.14207700111171,20,4.6,3.6950000000000003,0.0,519.0,111.2,0.0
12.0,8.0,20.0,1259.7042243737262,709.7136386673617,6.421875581848132,20,5.0,4.1450000000000005,2.9,999.0,161.4,3.0
0.0,14.0,14.0,1004.2508273135488,803.7403799742398,558.5068458389521,5,4.7,4.2,3.4,263.0,70.0,1.0
8.0,6.0,14.0,1328.0742532531235,723.9884792708324,222.45550906523175,20,5.0,3.995,3.2,519.0,72.15,1.0
13.0,2.0,15.0,1083.6025068155209,703.9160382952409,378.7967476652535,18,5.0,4.055555555555555,0.0,128.0,33.05555555555556,0.0
4.0,5.0,9.0,1323.2831520509458,1008.1705537948325,764.6710308662642,10,4.8,3.11,0.0,128.0,34.7,0.0
5.0,13.0,18.0,1205.6643239258394,936.5868694302678,697.3787531354568,9,4.8,4.144444444444444,3.5,162.0,53.22222222222222,2.0
8.0,12.0,20.0,1107.7380477872446,794.4187070170046,325.19516076989214,15,5.0,3.48,0.0,189.0,34.6,0.0
12.0,6.0,18.0,1020.7758405217246,600.2121005456085,122.06512942499404,18,5.0,3.8499999999999996,0.0,128.0,29.22222222222222,0.0
15.0,0.0,15.0,1027.05189722235,520.1373840707331,92.47094725875434,20,4.7,3.91,2.5,999.0,176.6,10.0
2.0,12.0,14.0,1183.7150406617848,732.3624379438843,407.5526940030098,20,4.8,3.38,0.0,53.0,15.85,0.0
19.0,4.0,23.0,1155.64487739914,656.3794865015357,125.68725931629191,20,5.0,4.029999999999999,3.2,519.0,75.6,1.0
6.0,16.0,22.0,1125.453054264672,630.7236071396068,29.24709450208015,19,5.0,3.8421052631578947,0.0,128.0,31.31578947368421,0.0
10.0,2.0,12.0,1246.7354067033443,812.2678463553606,150.4546335342007,19,4.7,3.9894736842105263,3.2,519.0,111.26315789473684,1.0
12.0,2.0,14.0,1070.9504443938258,511.0744973783121,31.516703105828096,20,4.7,3.975,2.9,999.0,174.05,10.0
8.0,11.0,19.0,1278.130887955807,672.5730930593345,93.44554111164528,12,5.0,3.9416666666666664,0.0,128.0,32.5,0.0
7.0,10.0,17.0,1302.7978099546092,911.2973550473728,190.5343632081914,20,5.0,4.045,3.5,294.0,79.65,1.0
10.0,4.0,14.0,1113.571149946828,867.9888003140273,387.8122321624508,17,5.0,3.823529411764706,0.0,128.0,36.0,0.0
5.0,9.0,14.0,903.2057535764436,717.2468016931547,512.6135665450257,5,4.3,3.1,0.0,90.0,33.8,0.0
10.0,0.0,10.0,1031.975382466042,647.2232570248345,329.04795898565027,10,4.4,3.46,0.0,327.0,86.5,0.0
8.0,18.0,26.0,1017.8486818028084,764.9122190101831,433.3754032397404,4,4.7,4.15,3.4,263.0,76.0,9.0
4.0,13.0,17.0,1005.6764458981364,482.35971217480767,28.203277916703193,20,4.6,4.035,3.5,292.0,106.85,18.0
17.0,2.0,19.0,950.59207107473,617.5770468784457,369.7856889308832,7,4.4,2.585714285714286,0.0,9.0,3.5714285714285716,0.0
1.0,11.0,12.0,1295.7091689812669,853.3678880620334,452.70226391679904,20,5.0,4.1450000000000005,3.3,294.0,47.0,3.0
2.0,19.0,21.0,1345.3354550625347,822.1865218333236,309.38377664864146,20,5.0,3.9549999999999996,2.5,279.0,59.8,3.0
0.0,10.0,10.0,1186.974763220849,667.9354962549762,165.86021189818132,18,5.0,3.6944444444444446,0.0,285.0,43.0,0.0
8.0,11.0,19.0,1327.6551040354395,918.5038068695037,404.1681097117835,16,4.7,4.075,3.0,294.0,57.6875,2.0
1.0,16.0,17.0,988.8903188747344,947.4455441689793,920.7589201716312,4,4.6,3.6,1.6,74.0,30.75,5.0
8.0,8.0,16.0,1360.6288745832933,855.8823650974019,303.58304879820946,12,4.6,3.8499999999999996,3.0,519.0,121.83333333333333,2.0
8.0,4.0,12.0,802.6164744165521,416.1328545444157,88.97346317456413,7,4.4,3.5714285714285716,2.4,66.0,23.0,1.0
4.0,14.0,18.0,1034.389568303401,642.5323874438762,180.705887046712,7,4.7,3.585714285714286,0.0,263.0,52.0,0.0
1.0,14.0,15.0,1187.9527228415832,645.8410450775693,283.47013526897064,20,4.6,4.029999999999999,3.5,292.0,128.3,18.0
6.0,12.0,18.0,1362.894357134028,812.4269922726355,408.8109954869937,20,5.0,4.02,2.5,279.0,67.05,3.0
16.0,6.0,22.0,1396.2644829757123,672.046171635434,21.535970947102605,13,4.4,3.5615384615384613,0.0,327.0,65.53846153846153,0.0
13.0,3.0,16.0,1111.091170983913,1096.5759233674773,1084.0115587206813,3,4.6,3.533333333333333,1.6,74.0,31.666666666666668,5.0
9.0,19.0,28.0,1169.2098445402346,982.9195320373054,715.7838033941504,13,4.6,3.5076923076923077,0.0,485.0,65.3076923076923,0.0
19.0,7.0,26.0,633.3652054232374,633.3652054232374,633.3652054232374,1,3.4,3.4,3.4,263.0,263.0,263.0
11.0,5.0,16.0,1259.2395818932707,761.3418188432846,312.4410102163305,6,4.7,4.266666666666667,3.4,263.0,59.166666666666664,1.0
4.0,8.0,12.0,1162.0320689515163,714.5120229161369,383.58780383545707,8,4.5,2.825,0.0,9.0,3.375,0.0
29.0,10.0,39.0,1160.625635340911,899.5501090925136,407.3745728600003,20,5.0,4.08,2.9,370.0,68.15,3.0
4.0,7.0,11.0,1165.761777984478,510.3542268551825,69.48223133188466,20,4.6,3.915,2.9,999.0,159.4,6.0
4.0,13.0,17.0,897.9983170892374,427.8568842201859,35.48642997492614,20,4.5,3.87,3.0,999.0,147.7,11.0
12.0,15.0,27.0,1063.8929727894554,831.5137502606664,542.9300787006187,18,5.0,4.027777777777778,0.0,128.0,33.05555555555556,0.0
1.0,14.0,15.0,1158.3781921534007,723.3542155398216,300.5242832348283,11,4.8,3.590909090909091,0.0,128.0,27.09090909090909,0.0
9.0,4.0,13.0,1201.1923604420226,662.8124943796408,26.21898886457786,20,4.8,3.28,0.0,103.0,18.8,0.0
9.0,2.0,11.0,1133.4148671023088,651.9335704149528,162.10560761231412,20,5.0,4.215,3.4,294.0,35.5,1.0
7.0,7.0,14.0,1251.3518704446751,844.5076121178045,414.93268627862614,20,5.0,4.17,3.5,287.0,82.25,1.0
14.0,2.0,16.0,1204.061534488951,716.6037913001976,225.460903447297,17,4.8,3.7588235294117647,0.0,162.0,31.352941176470587,0.0
6.0,6.0,12.0,1284.683366915218,1009.0436202114836,621.7584590060613,5,4.8,3.4799999999999995,0.0,124.0,36.8,0.0
7.0,5.0,12.0,1324.2884153071518,778.3579345440088,445.6316893679612,20,5.0,4.04,3.3,294.0,71.35,1.0
13.0,3.0,16.0,1009.9619500254072,672.6644252238511,222.11508126472873,19,4.8,3.4157894736842107,0.0,285.0,41.26315789473684,0.0
18.0,2.0,20.0,1148.99351342144,990.9007067907328,600.2400682429875,4,4.0,3.525,3.0,51.0,16.5,1.0
12.0,0.0,12.0,1015.0285849030488,726.952486688142,355.28609174405346,8,4.6,2.7125,0.0,73.0,12.5,0.0
15.0,1.0,16.0,984.5304723591124,589.4865575998291,153.44337789129895,17,4.8,3.3823529411764706,0.0,103.0,20.058823529411764,0.0
9.0,4.0,13.0,1190.966726664284,783.8574307484039,433.6223867577703,20,5.0,3.69,0.0,519.0,68.35,0.0
18.0,0.0,18.0,1024.1734522936306,433.70275974192145,179.67597811811967,20,4.5,3.8950000000000005,2.9,999.0,172.7,10.0
7.0,6.0,13.0,1193.8650429342329,650.8886654386341,53.44017951562576,18,4.8,3.3833333333333333,0.0,285.0,39.05555555555556,0.0
19.0,0.0,19.0,1263.751819152009,727.0224515841176,142.9979460978812,10,4.7,3.7700000000000005,1.0,162.0,45.3,2.0
16.0,5.0,21.0,1298.6529218832195,651.717729274488,19.847989190793164,19,4.8,3.2789473684210524,0.0,103.0,19.57894736842105,0.0
15.0,9.0,24.0,686.861192207504,482.2950549459193,284.49327707252183,7,4.4,3.5714285714285716,2.4,66.0,23.0,1.0
6.0,5.0,11.0,1219.5467338650333,691.8311134665141,111.78661179303931,20,5.0,4.115,2.9,292.0,110.85,3.0
7.0,11.0,18.0,289.26014522979574,266.89327112737453,244.52639702495333,2,5.0,4.2,3.4,11.0,6.0,1.0
4.0,13.0,17.0,1201.306480197258,861.9235860209844,478.94919608329275,20,5.0,4.12,3.3,294.0,71.7,4.0
10.0,5.0,15.0,959.666630481146,615.8210742860132,106.08020954543264,19,5.0,3.8421052631578947,0.0,128.0,31.31578947368421,0.0
7.0,15.0,22.0,1195.4167514988317,685.7428137952602,244.9630344321438,16,5.0,4.04375,0.0,128.0,32.5625,0.0
10.0,4.0,14.0,1169.5444900239927,628.8344037724148,180.71876119881273,18,5.0,3.6555555555555554,0.0,285.0,41.22222222222222,0.0
3.0,22.0,25.0,1117.1130632597549,708.0942940438647,208.01387550296468,16,5.0,3.75625,0.0,189.0,38.4375,0.0
15.0,1.0,16.0,1270.9471876778675,645.6649745347366,140.6307454516749,15,4.6,3.966666666666667,3.2,519.0,111.8,1.0
13.0,12.0,25.0,1089.78401348756,556.8664521919756,77.23071381826618,20,4.7,3.9549999999999996,3.0,999.0,173.6,6.0
14.0,9.0,23.0,1253.545969437304,843.7628507300872,45.64537272064542,20,4.8,4.025,3.6,294.0,88.8,6.0
11.0,2.0,13.0,1135.4698832573251,564.6046271280163,153.13933511068444,20,4.7,3.995,2.9,999.0,159.25,6.0
7.0,20.0,27.0,1258.742017808032,686.7448854323131,65.17820368072303,20,5.0,3.65,0.0,128.0,36.4,0.0
15.0,2.0,17.0,1314.268143980664,779.2208210494374,481.9806518191105,11,4.6,3.872727272727273,3.0,519.0,92.27272727272727,2.0
8.0,6.0,14.0,1086.940396549582,749.8462871143473,112.41439559067062,20,5.0,4.085,3.5,287.0,68.1,1.0
12.0,2.0,14.0,957.3515420887768,511.0465624892967,141.69666933317188,14,4.6,3.6999999999999997,0.0,519.0,105.07142857142857,0.0
10.0,5.0,15.0,1030.055123143287,645.153966797189,110.55272288917062,12,4.8,3.3000000000000003,0.0,103.0,23.916666666666668,0.0
14.0,2.0,16.0,1272.7635225879258,711.8056900487034,311.0064038854309,9,4.6,3.033333333333333,0.0,38.0,7.777777777777778,0.0
5.0,9.0,14.0,1136.393406578694,705.262903535993,89.93794210238276,20,4.7,3.9899999999999998,2.9,999.0,169.15,34.0
9.0,2.0,11.0,1140.8788865696802,911.762117250681,474.8803145363334,7,4.8,3.614285714285714,0.0,128.0,53.0,0.0
7.0,11.0,18.0,1151.1627264136434,477.18002162854026,174.08148513505475,7,4.4,3.5714285714285716,2.4,66.0,23.0,1.0
11.0,10.0,21.0,1075.257550211713,834.0129790163935,363.9309770908208,20,4.7,3.495,0.0,370.0,59.65,0.0
16.0,4.0,20.0,1010.6631225811705,657.4242339801607,369.1218408005672,4,4.8,3.375,0.0,128.0,35.75,0.0
3.0,17.0,20.0,919.8886368389813,648.1131361779678,340.3178505904109,20,5.0,4.15,3.5,292.0,87.25,1.0
22.0,2.0,24.0,1299.3488939955969,777.1452929050266,132.1493810113437,20,4.7,3.94,2.9,999.0,146.75,11.0
11.0,9.0,20.0,847.1519336881587,652.0334280253645,456.9149223625703,2,4.1,3.75,3.4,263.0,138.5,14.0
20.0,4.0,24.0,1037.6083784641446,714.8227464094094,143.75681627533538,8,4.4,3.6625,2.4,66.0,28.25,1.0
1.0,18.0,19.0,1173.7576930818868,627.9482640466656,86.52079379895537,20,5.0,3.7700000000000005,1.6,999.0,103.2,1.0
3.0,10.0,13.0,1364.4992283605957,818.440287308947,391.97306772223794,12,4.6,3.7249999999999996,0.0,485.0,75.75,0.0
7.0,6.0,13.0,968.705371687472,555.2780551772811,317.07153454381927,15,4.6,3.673333333333333,0.0,519.0,100.53333333333333,0.0
1.0,13.0,14.0,1363.4065231786064,661.943643856853,49.28418752121572,20,5.0,3.815,0.0,370.0,61.75,0.0
4.0,9.0,13.0,1389.6625451717737,738.2353069359918,44.95245648238204,20,4.8,3.835,0.0,294.0,63.65,0.0
1.0,18.0,19.0,1208.925744444996,775.8015465551689,319.5292076349717,20,4.7,4.005,2.9,287.0,103.4,13.0
15.0,7.0,22.0,1040.8151598030302,644.9164118200905,259.41854017659415,20,4.8,3.4899999999999998,0.0,103.0,20.65,0.0
7.0,13.0,20.0,1049.8627402030902,672.3100172385654,82.0331509699391,20,4.7,4.015,2.9,999.0,139.8,3.0
13.0,3.0,16.0,1230.311214127391,715.8447159052945,284.1875053082331,13,4.6,3.646153846153846,0.0,38.0,10.692307692307692,0.0
15.0,6.0,21.0,937.5653738566242,738.441631516056,285.13955430663947,4,4.0,3.525,3.0,51.0,16.5,1.0
4.0,26.0,30.0,1305.7929053742478,867.3990155102796,190.07769101417745,12,5.0,3.5416666666666665,0.0,128.0,27.833333333333332,0.0
11.0,7.0,18.0,1191.450749346569,607.2162546605526,56.5115239300611,20,4.7,4.005,2.9,999.0,158.75,3.0
19.0,1.0,20.0,1032.3672905585677,391.1232573212098,52.981830972929494,7,4.4,3.5714285714285716,2.4,66.0,23.0,1.0
13.0,19.0,32.0,1092.6616450822012,698.443276939512,91.81060467133752,20,5.0,4.17,3.3,124.0,34.0,1.0
9.0,7.0,16.0,1106.627946323652,810.4005129126305,340.2997294439675,14,4.6,3.892857142857143,3.0,519.0,127.92857142857143,2.0
14.0,4.0,18.0,1340.450562017873,731.3305181253703,119.72876505265953,20,4.7,4.01,2.7,999.0,117.45,3.0
18.0,2.0,20.0,1028.9104262113433,749.6348000450664,398.8096610015545,16,4.8,3.8625,1.0,162.0,35.0625,2.0
11.0,3.0,14.0,1177.3846416380145,785.0086576704986,352.8203197257488,15,5.0,3.98,0.0,128.0,34.266666666666666,0.0
14.0,3.0,17.0,1170.5065014180277,794.2162886528213,245.14645372813987,8,4.4,3.6625,2.4,66.0,28.25,1.0
20.0,5.0,25.0,1154.8657008402895,590.1924010405595,166.29806237307122,20,4.7,3.965,2.9,999.0,183.45,6.0
10.0,4.0,14.0,1015.4970684351292,834.0628955964191,519.1228221640179,7,4.8,4.0,3.0,108.0,21.142857142857142,1.0
15.0,3.0,18.0,1212.8046584793938,923.7287253707777,771.5993365271298,12,4.6,3.483333333333333,0.0,485.0,69.33333333333333,0.0
19.0,0.0,19.0,1281.8911056661102,932.2316168223804,729.3951869884637,4,5.0,3.85,2.2,18.0,6.25,1.0
4.0,25.0,29.0,1309.801433667476,598.4305958711683,75.55479515935012,13,5.0,3.6846153846153844,0.0,189.0,30.846153846153847,0.0
9.0,5.0,14.0,1210.8080175645805,649.179045503731,149.52392475581232,20,5.0,4.13,3.5,292.0,95.15,1.0
1.0,8.0,9.0,1085.3510256611287,605.6448725344004,103.72835485370994,20,4.8,3.84,2.2,279.0,75.55,6.0
4.0,10.0,14.0,917.900765417246,597.5870853575574,167.89049996323203,15,4.8,3.4066666666666667,0.0,103.0,22.0,0.0
23.0,1.0,24.0,1289.0285442372724,940.9506154786322,131.88297859028756,18,5.0,3.644444444444444,0.0,327.0,49.388888888888886,0.0
19.0,2.0,21.0,1008.0690520517544,569.6278974177517,81.83992603898801,13,4.6,3.369230769230769,0.0,38.0,10.307692307692308,0.0
23.0,5.0,28.0,1069.1762002880669,705.0416088444899,28.632481899495826,3,4.3,3.8333333333333335,3.2,65.0,32.666666666666664,15.0
13.0,2.0,15.0,1177.3155808739043,800.7019627885248,284.6846022761633,18,5.0,3.6611111111111114,0.0,370.0,56.55555555555556,0.0
0.0,13.0,13.0,1097.841248210529,540.9351473193685,29.17636939836293,20,5.0,4.075,3.5,292.0,103.55,1.0
4.0,9.0,13.0,1192.122912880071,636.3764827504461,64.30611300156987,20,4.7,3.9799999999999995,3.0,999.0,164.05,6.0
10.0,2.0,12.0,934.4619982587278,529.6615067049897,290.5866338675908,12,4.6,3.3333333333333335,0.0,49.0,11.75,0.0
1.0,19.0,20.0,1252.264978039795,821.9033012322773,179.86712950009496,20,4.7,3.8549999999999995,2.2,999.0,132.85,3.0
0.0,18.0,18.0,1235.0480531417588,591.0523115205871,84.01468058981852,19,5.0,3.5631578947368423,0.0,370.0,55.26315789473684,0.0
8.0,8.0,16.0,1135.949867440633,768.2263872408644,258.343422575972,12,4.6,3.908333333333333,3.0,519.0,120.66666666666667,2.0
6.0,9.0,15.0,1238.7398038352785,680.7018801857115,260.7903278239972,7,4.7,3.585714285714286,0.0,263.0,52.0,0.0
5.0,26.0,31.0,1206.1349355403115,487.6074758984952,51.61653342624238,20,4.8,4.0649999999999995,3.5,292.0,112.8,4.0
13.0,1.0,14.0,1305.8219502827108,669.4110276937648,223.9414595444019,20,4.6,3.91,2.9,999.0,176.4,12.0
9.0,11.0,20.0,905.7435295443728,419.7813871744653,80.28162496976506,20,4.7,3.9450000000000003,3.0,999.0,156.8,6.0
13.0,5.0,18.0,1157.0235534507087,519.7870655799703,173.25064757364407,20,5.0,3.7399999999999998,0.0,294.0,40.45,0.0
0.0,16.0,16.0,1162.488247338693,685.3080956973513,108.8624907744765,20,5.0,4.005,2.0,287.0,78.05,1.0
15.0,2.0,17.0,1122.9104256453804,620.352716732515,197.6415052770078,20,4.7,3.95,2.9,999.0,166.75,13.0
1.0,26.0,27.0,1082.6442737171174,498.1109218384266,53.48718894926047,20,4.6,4.11,3.5,292.0,112.05,18.0
12.0,5.0,17.0,1197.3922516392086,749.8686989057253,166.51934055600594,15,4.6,3.9,3.0,519.0,119.53333333333333,2.0
